ITS2 type profile UID		63134	62287	62221	62288	62182	62240	62246	62332	63132	63101	62957	62400	62725	62993	62462	63074	63076	62827
Clade		A	A	A	A	A	A	A	A	A	A	C	C	C	C	C	D	D	D
Majority ITS2 sequence		A1	A1	A1	A1	A1	A1	A4u	A1ej	A1	A1	C1	C39	C64a	C1	C15	D1	D1	D1
Associated species		S. microadriaticum	S. microadriaticum	S. microadriaticum	S. microadriaticum	S. microadriaticum	S. microadriaticum	None	None	S. microadriaticum	S. microadriaticum	S. goreaui	S. goreaui	None	S. goreaui	S. goreaui	S. trenchii	S. glynnii,S. trenchii	S. glynnii,S. trenchii
ITS2 profile abundance local		10	9	8	8	7	4	1	1	1	1	2	1	1	1	1	1	1	1
ITS2 profile abundance DB		68	9	51	8	279	36	10	3	15	20	242	29	1	308	22	53	127	25
ITS2 type profile		A1-A1aw-A1em	A1-A13a-A13b	A1-A1z	A1-A13a-A1eh-A13b	A1	A1-A1bw-A1bf-A1bx	A4u-A4w-A4v-A4x	A1ej	A1-A1av-A1aw	A1-A1av-A1g	C1/C3-C1c-C1b-C72k-C1w	C1/C39-C1b-C1af-C39a	C64a	C1-C1b-C1c-C42.2-C1br-C1bh-C1cb-C72k	C15/C22b/C1/C3	D1/D4-D4c-D4f-D1h	D1-D4-D4c-D6-D1c-D2-D10	D1-D4-D4c-D6-D4f
106012	22_9	40251.0	0	0	0	0	0	0	0	0	0	0	0	0	0	0	0	0	0
106006	22_3	26319.0	0	0	0	0	0	0	0	0	0	0	0	0	0	0	0	0	0
106008	22_5	30132.0	0	0	0	0	0	0	0	0	0	0	0	0	0	0	0	0	0
106009	22_6	38681.0	0	0	0	0	0	0	0	0	0	0	0	0	0	0	0	0	0
106011	22_8	38217.0	0	0	0	0	0	0	0	0	0	0	0	0	0	0	0	0	0
106007	22_4	35764.0	0	0	0	0	0	0	0	0	0	0	0	0	0	0	0	0	0
106010	22_7	22677.0	0	0	0	0	0	0	0	0	0	0	0	0	0	0	0	0	0
106005	22_2	49111.0	0	0	0	0	0	0	0	0	0	0	0	0	0	0	0	0	0
105993	29_8	21825.0	0	0	0	0	0	0	0	0	0	0	0	0	0	0	0	0	0
105988	29_3	11853.0	0	0	0	0	0	0	0	0	0	0	10577.0	0	0	0	0	0	0
106027	18_6	0	25826.0	0	0	0	0	0	0	0	0	0	0	0	0	0	0	0	0
106015	20_3	0	30097.0	0	0	0	0	0	0	0	0	0	0	0	0	0	0	0	0
106013	20_1	0	26956.0	0	0	0	0	0	0	0	0	0	0	0	0	0	0	0	0
106021	20_9	0	34275.0	0	0	0	0	0	0	0	0	0	0	0	0	0	0	0	0
106019	20_7	0	30206.0	0	0	0	0	0	0	0	0	0	0	0	0	0	0	0	0
106014	20_2	0	23644.0	0	0	0	0	0	0	0	0	0	0	0	0	0	0	0	0
106016	20_4	0	19878.0	0	0	0	0	0	0	0	0	0	0	0	0	0	0	0	0
106017	20_5	0	24049.0	0	0	0	0	0	0	0	0	0	0	0	0	0	0	0	0
106020	20_8	0	26137.0	0	0	0	0	0	0	0	0	0	0	0	0	0	0	0	0
105997	27_3	0	0	28474.0	0	0	0	0	0	0	0	0	0	0	0	0	0	0	0
106002	27_8	0	0	32954.0	0	0	0	0	0	0	0	0	0	0	0	0	0	0	0
105999	27_5	0	0	35868.0	0	0	0	0	0	0	0	0	0	0	0	0	0	0	0
105998	27_4	0	0	34856.0	0	0	0	0	0	0	0	0	0	0	0	0	0	0	0
106035	milliq_neg	0	0	26076.0	0	0	0	0	0	0	0	0	0	0	0	0	0	0	0
106003	27_9	0	0	29046.0	0	0	0	0	0	0	0	0	0	0	0	0	0	0	0
105990	29_5	0	0	27380.0	0	0	0	0	0	0	0	0	0	0	0	0	0	0	0
106032	S3_H2O	0	0	4296.0	0	0	0	0	0	0	0	0	0	0	0	0	435.0	0	0
106023	18_2	0	0	0	26731.0	0	0	0	0	0	0	0	0	0	0	0	0	0	0
106025	18_4	0	0	0	26714.0	0	0	0	0	0	0	0	0	0	0	0	0	0	0
106028	18_7	0	0	0	17663.0	0	0	0	0	0	0	0	0	0	0	0	0	0	0
106024	18_3	0	0	0	27854.0	0	0	0	0	0	0	0	0	0	0	0	0	0	0
106030	18_9	0	0	0	25585.0	0	0	0	0	0	0	0	0	0	0	0	0	0	0
106022	18_1	0	0	0	29304.0	0	0	0	0	0	0	0	0	0	0	0	0	0	0
106029	18_8	0	0	0	22300.0	0	0	0	0	0	0	0	0	0	0	0	0	0	0
106026	18_5	0	0	0	24621.0	0	0	0	0	0	0	0	0	0	0	0	0	0	0
106004	22_1	0	0	0	0	33660.0	0	0	0	0	0	0	0	0	0	0	0	0	0
106018	20_6	0	0	0	0	32207.0	0	0	0	0	0	0	0	0	0	0	0	0	0
106001	27_7	0	0	0	0	29855.0	0	0	0	0	0	0	0	0	0	0	0	0	0
105986	29_1	0	0	0	0	23022.0	0	0	0	0	0	0	0	0	0	0	0	0	0
105989	29_4	0	0	0	0	24960.0	0	0	0	0	0	0	0	0	0	0	0	0	0
105996	27_2	0	0	0	0	22791.0	0	0	0	0	0	0	0	0	0	0	0	0	0
105992	29_7	0	0	0	0	0	13880.0	0	0	0	0	0	0	0	5833.0	0	0	0	0
105994	29_9	0	0	0	0	0	12212.0	0	0	0	0	6295.0	0	0	0	0	0	0	0
105987	29_2	0	0	0	0	0	9578.0	0	0	0	0	0	0	1167.0	0	0	0	3776.0	0
105991	29_6	0	0	0	0	0	5570.0	0	0	0	0	9132.0	0	0	0	0	0	0	0
106031	S1_H2O	0	0	0	0	585.0	0	2972.0	0	0	0	0	0	0	0	720.0	0	0	692.0
106033	extraction_neg	0	0	0	0	0	0	0	369.0	0	0	0	0	0	0	0	0	0	0
105995	27_1	0	0	0	0	0	0	0	0	25789.0	0	0	0	0	0	0	0	0	0
106000	27_6	0	0	0	0	0	0	0	0	0	39727.0	0	0	0	0	0	0	0	0
106034	pcr_neg	0	0	0	0	0	0	0	0	0	0	0	0	0	0	0	0	0	0
Sequence accession / SymPortal UID		883-3530-26280	883-29270-29385	883-930	883-29270-72714-29385	883	883-968-976-914	72732-72734-72733-72735	1100	883-26292-3530	883-26292-965	2-308-835-4-833-32	860-2-4-875-1109	3042	2-308-4-835-1-848-831-832	517-1489-32-2	853-854-1730-2332-1752	853-854-855-1730-933-1659-2308	853-854-933-2332-1730
Average defining sequence proportions and [stdev]		0.941[0.031]-0.031[0.017]-0.027[0.037]	0.918[0.030]-0.045[0.018]-0.036[0.013]	0.977[0.008]-0.023[0.008]	0.874[0.026]-0.047[0.011]-0.042[0.013]-0.037[0.007]	1.000[0.000]	0.872[0.111]-0.059[0.057]-0.035[0.026]-0.034[0.028]	0.759[nan]-0.088[nan]-0.087[nan]-0.065[nan]	1.000[nan]	0.858[nan]-0.130[nan]-0.013[nan]	0.893[nan]-0.102[nan]-0.005[nan]	0.806[0.007]-0.102[0.021]-0.035[0.005]-0.030[0.002]-0.014[0.004]-0.013[0.005]	0.604[nan]-0.303[nan]-0.078[nan]-0.009[nan]-0.006[nan]	1.000[nan]	0.774[nan]-0.100[nan]-0.059[nan]-0.024[nan]-0.021[nan]-0.009[nan]-0.007[nan]-0.007[nan]	0.797[nan]-0.175[nan]-0.018[nan]-0.010[nan]	0.568[nan]-0.333[nan]-0.057[nan]-0.028[nan]-0.014[nan]	0.545[nan]-0.244[nan]-0.072[nan]-0.068[nan]-0.043[nan]-0.016[nan]-0.012[nan]	0.585[nan]-0.184[nan]-0.091[nan]-0.075[nan]-0.065[nan]
